0.0 1.0 2.0 3.0 4.0 5.0 6.0 7.0 8.0 9.0 10.0 11.0 12.0 13.0 14.0 15.0 16.0 17.0 18.0 19.0 20.0 21.0 22.0 23.0 24.0 25.0 26.0 27.0 28.0 29.0 30.0 31.0 32.0 33.0 34.0 35.0 36.0 37.0 38.0 39.0 40.0 41.0 42.0 43.0 44.0 45.0 46.0 47.0 48.0 49.0 50.0 51.0 52.0 53.0 54.0 55.0 56.0 57.0 58.0 59.0 60.0 61.0 62.0 63.0 64.0 65.0 66.0 67.0 68.0 69.0 70.0 71.0 72.0 73.0 74.0 75.0 76.0 77.0 78.0 79.0 80.0 81.0 82.0 83.0 84.0 85.0 86.0 87.0 88.0 89.0 90.0 91.0 92.0 93.0 94.0 95.0 96.0 97.0 98.0 99.0 100.0 101.0 102.0 103.0
1.0 0.0 0.012554960218831101 0.009494644989847919 0.010561400522199386 0.009031203912463363 0.012957640375004865 0.01658366436832335 0.009375366091009783 0.008910570301116336 0.012542362104859824 0.016844648363435338 0.009050765122915869 0.010911313309422806 0.009350393884535603 0.008815645520495023 0.010125489450232523 0.025042677727856316 0.009206515215191457 0.008894226161633823 0.025785275830193015 0.009066828766567914 0.013255447905522359 0.009703349337896674 0.007705378017373912 0.009128404899945564 0.012474066604658617 0.009183134738477717 0.008887710793857528 0.012589821061888964 0.008908653647656799 0.00863814784871271 0.025199193400798854 0.009435843972078459 0.010369026080405672 0.008866477369412365 0.0090981432806039 0.013055313658756977 0.00932680812572557 0.012764510240717456 0.011809347044860682 0.012522165287454434 0.00954466039017235 0.009074302096001073 0.013032312735828087 0.012811519441325955 0.009023439033915606 0.012791298018425903 0.013205712074860383 0.008871550367084525 0.027087461379299835 0.013118563663030743 0.009084681327155873 0.012969223263864646 0.026598635150059557 0.011764801378262307 0.008839707982975994 0.008842807871443628 0.009161589332977477 0.009115686919509376 0.01280645599791988 0.025956638338461804 0.009195736407527993 0.00946459846516332 0.009551410776310856 0.011335154139675209 0.013618679746122669 0.02528132498695481 0.009460149339464593 0.014063260399312421 0.008956905614597967 0.00939846984554268 0.009037994572821291 0.01376698960429876 0.009610586188865112 0.01274606144342115 0.008955322640481657 0.009209364496412452 0.012822624702852291 0.013005024019579932 0.006351147890057353 0.025602182855128178 0.012890857519398828 0.012851789163943451 0.012851789163943451 0.012498529629550312 0.012687218358575636 0.011116685352161034 0.009199973063055747 0.012543978186323452 0.009385994778219386 0.0117195254088719 0.012917826609990468 0.011809194174831375 0.012482791498650513 0.012681099884375501 0.009641230467560552 0.011853845207871711 0.009716938038312374 0.009258753747963238 0.011701777274152583 0.008653035615034813 0.009279715542606056 0.025071015724210662
2.0 0.012554960218831101 0.0 0.0051496831631932544 0.006242429598967002 0.00528387348082532 0.002385932928221597 0.013000093084819697 0.004845705448677061 0.005551695754913372 0.0008877982504517205 0.012510789971292308 0.005501059729972618 0.013724691401828526 0.005641513984895614 0.004994543062687614 0.0053976534796835954 0.020627090616633217 0.005241989300458603 0.005172440494142583 0.021381266697870403 0.005516964574085535 0.0021578993707864116 0.005461243499745425 0.0059032810971906165 0.005030220793823242 0.0012735603694653663 0.0053711749299192625 0.005012445976466851 0.00141147250156037 0.004939565941221894 0.004982693852441621 0.020774290170792853 0.005249974730581667 0.0058458916580184615 0.005099835674435218 0.0049811453164107615 0.004161320659838848 0.005270539646915141 0.0017766048020007377 0.004844226932303634 0.0015052755669659936 0.005362079588265794 0.004979626725870653 0.005850775311004405 0.001971912058512836 0.005473009548928404 0.006231284572024872 0.0021168534922467903 0.004943919296615867 0.02268980702975945 0.003379572397369029 0.005242276343669751 0.0026188217555495035 0.022135863370180475 0.004966280821609508 0.005338700905046916 0.004983496276339032 0.004985906626090256 0.00542653398824839 0.001956558393078525 0.02155409506529781 0.005258662231271168 0.005396303320448485 0.005448821965919838 0.006172440159340334 0.00482232865018958 0.020855915904328448 0.005842143666524012 0.005890414149258175 0.005120580355761227 0.005166396449863067 0.004953990002582601 0.006064996710152523 0.00607077241252893 0.00182563087511535 0.004919643184604323 0.005601757807896228 0.0016666963484433719 0.0018891700462775936 0.007320245857593226 0.02115560811572642 0.002615962300570927 0.0023245908443961776 0.0023245908443961776 0.0010530193120496453 0.0015712821197189485 0.006892949031413107 0.005611907942133655 0.0015076124995807953 0.005282202629760013 0.004849492610628097 0.0017891126001326665 0.0054593406006417464 0.0012222235157226657 0.0019172524851272087 0.005184985303804953 0.004810805534044251 0.005322747940251107 0.005673870340034583 0.005055009153352837 0.00785012321531703 0.0051136603444396425 0.020657715366882923
3.0 0.009494644989847919 0.0051496831631932544 0.0 0.003804720297548317 0.001966744626104834 0.005620668714456342 0.009800422449012865 0.0025561861524807834 0.002458027533927966 0.005142290738028563 0.010131314570037398 0.002291863541604657 0.01067071451027201 0.0023566236166347593 0.002044220759516699 0.003299280548043723 0.018154355968197283 0.0016752268268110312 0.0018734805953969993 0.018898567842013124 0.0023078695719237676 0.005840380263707156 0.0029533766568592777 0.002808461842514069 0.002340615335853268 0.005047106247414824 0.001994957696774142 0.0017822682745119028 0.005175679998752316 0.0017677433351779188 0.001839560359452503 0.01830993574511299 0.002654848023330783 0.0016007111366664398 0.0022103853841220888 0.0022335394410527183 0.005865290606869121 0.002647034275265874 0.005387882642359607 0.004785518139540142 0.005153510679703453 0.002773380395237019 0.0023088091960781643 0.005989902088152314 0.005450039849881929 0.0022634756155454853 0.0058023172528204915 0.005784073692130617 0.0018769199324782382 0.020201718454379444 0.0055498180122566295 0.0024292655449686604 0.005652096522696425 0.01970652155343336 0.004755227239721849 0.0021404666347872824 0.0019881974676338576 0.0010390934579586238 0.0021513156476558916 0.005443985333290876 0.01907015792168819 0.00251663837701014 0.002720616755828449 0.0028632936526584093 0.004467790842864056 0.006436994891643143 0.018391983069754557 0.002618443938276264 0.006935416628015802 0.0022861424521891174 0.0025822228912732934 0.0022657357014429676 0.006679692049548654 0.0028661523811940384 0.00537680271815192 0.0014974265792425164 0.0023793156652175355 0.005411213599488634 0.005585600441890284 0.004242116994533938 0.018711412404307237 0.005582909254252175 0.005518870907263149 0.005518870907263149 0.005104291474052933 0.005292800304720327 0.004393550483622551 0.002395366963988439 0.005099989612703833 0.002686263481368377 0.004703822609974189 0.005508683213778783 0.004838266000436535 0.005071016385392087 0.005332497115268609 0.00281300889388565 0.004823444344166889 0.000841401528987323 0.0024630659381840517 0.004705185555538938 0.0047610810669757204 0.002501370463393717 0.018182454839307822
4.0 0.010561400522199386 0.006242429598967002 0.003804720297548317 0.0 0.0035150971918501903 0.006581973994462321 0.011198186800268815 0.0025967303812874723 0.003609505281810966 0.0062248994949753965 0.009723978371778599 0.0036787387496705643 0.011720612998494504 0.0038613615157565492 0.0029468571777589263 0.0031742543286594135 0.019541720659767316 0.0035833407538315154 0.0033925955437886235 0.020286019007013156 0.0036948793680023125 0.006952810943267846 0.002673255537299645 0.003956760971159219 0.002779040270800311 0.006179297113598863 0.00362829838467032 0.0032005170801493767 0.006283590281335374 0.003133348805716054 0.0030881281610046774 0.01969705056519127 0.0028855260431118086 0.004662864179675104 0.002945928332944372 0.002888785436385939 0.006541813316999672 0.0026289178056264403 0.006425162355871605 0.005142753732655117 0.006175290796515267 0.002944852446543165 0.002657131525962324 0.006379162256941493 0.006458315137491573 0.003650647524753055 0.006088518297196723 0.0069049924231219945 0.0030478724113544367 0.021589194622001248 0.006948587606008283 0.002978227300481886 0.0065749703037499985 0.021091993753811537 0.00508435082997199 0.003493095933235591 0.00299941719861852 0.0034866526514173123 0.0036390581147537383 0.006454157657578653 0.02045761290864244 0.0028905561762712466 0.0030261759577052457 0.002677080826386055 0.0044961420064129065 0.007097284905850907 0.01977910868109256 0.004041934789942747 0.007491854004552493 0.0028957221515823438 0.00293222698599975 0.002668592629272465 0.0071567110169749384 0.004251942474513711 0.0063999574986970675 0.0032512089329165914 0.003797603220462976 0.006514428146271647 0.006702442555932532 0.00535089685491653 0.020097511742672547 0.006487563999207878 0.006472311044134763 0.006472311044134763 0.00617547472334385 0.00636407651993484 0.0037479197458746352 0.0038022546441730757 0.006267128343415947 0.0025869664896699396 0.00504439890560536 0.00660856633767392 0.00508924291012869 0.006174873655161395 0.0063156158583893875 0.0030014944536282135 0.00519408207150587 0.004022589853414816 0.0038662607186656477 0.005009405329844181 0.005895528952081539 0.00275856195326416 0.01957014777427159
5.0 0.009031203912463363 0.00528387348082532 0.001966744626104834 0.0035150971918501903 0.0 0.005707112306356928 0.009101371311816427 0.0022837510187091493 0.0020083235099981993 0.00527283451065047 0.009842296383738406 0.0016126791923713173 0.010205071356320535 0.0013249477363375811 0.0017056501866095086 0.0030375287531412276 0.017522795960395146 0.0015705682407216003 0.0008970039068114909 0.018266141188829556 0.0016283252278269846 0.005979267040891651 0.002658462810854285 0.002334087904889124 0.0020387449206183007 0.005196814956297872 0.0012415989310971317 0.0015176177625091554 0.005315681951542504 0.0015711881072738403 0.0014186509496848 0.01767939363064515 0.002358383845054362 0.0028487006232577813 0.0018574890147050275 0.0019496986766384394 0.005850680461770874 0.0023370710844828075 0.005501812940468493 0.004656412969016616 0.005262166618583985 0.002475603395164283 0.002003624447581136 0.0058737757565432945 0.005553485057476604 0.0015840097807314716 0.005649405653427884 0.005928756071130019 0.0016105039503365726 0.019568845265601473 0.005799202714137622 0.00209133380948991 0.0057248884084831735 0.019080687554174358 0.00461633333987411 0.0015240280454509383 0.0016690098744334293 0.0016282402570312778 0.0012075809498241566 0.005548117827305826 0.018437630825668863 0.0021920899265953572 0.002411384423008941 0.002557590870130102 0.004232227869293968 0.006416635446882556 0.01776148729760465 0.0018686921451072057 0.006878002190876548 0.0019457268197079595 0.002294229950292822 0.001960400250487781 0.006594406593424321 0.0021856098360265065 0.005485646070581357 0.0015038838016340327 0.0016404925390370428 0.005549016782326988 0.005729040988743245 0.003772724781404742 0.01808360924363865 0.005649593985700793 0.005602532240165763 0.005602532240165763 0.005230751445304327 0.005418968778283835 0.004096732886218441 0.0016796637299569765 0.005261460965989709 0.002380085380681185 0.004569167758099388 0.005644430909552606 0.0046729426646238085 0.00520967337866006 0.005427271270164943 0.002538506727529798 0.004698832812825862 0.00219079433553355 0.0017538272232811847 0.004557342104983542 0.004287930624764914 0.00220318467758439 0.017550263832678163
6.0 0.012957640375004865 0.002385932928221597 0.005620668714456342 0.006581973994462321 0.005707112306356928 0.0 0.013417914193959497 0.005170025755224796 0.005957729818301068 0.0023243345708237866 0.01284241192675779 0.0059178919015374885 0.014126744054939796 0.006063244829102959 0.005388982703813661 0.005697605055305043 0.02106904224150763 0.005677992065590836 0.005594468321409559 0.02182285474102226 0.005933808220646111 0.00306414975026547 0.005808982781123115 0.006309274274572485 0.005399394647345734 0.0024486213269745843 0.005797498254897133 0.00543126049429488 0.002387900062142005 0.00535846907716152 0.005393130701097355 0.02121652091947255 0.005608488634881779 0.006334945259078361 0.005487302723138399 0.005360336088199838 0.003916010241281702 0.005630562637494415 0.001967377601927405 0.004909974213352215 0.0020613290116727693 0.005719547593616349 0.005346066724201662 0.005849001091965421 0.0016224696198323986 0.005889849336448811 0.006321455439453543 0.003042281506952925 0.005352415134672982 0.023131185669937653 0.004457001428447195 0.005622103877212075 0.001514841016490711 0.02257897858686602 0.00504354098316606 0.005753777430330774 0.005383211599009985 0.005439908364821352 0.005847475312281126 0.0016454256028544407 0.021995633878228477 0.005631344268007654 0.005762788430022717 0.005804690850030511 0.006422975971070059 0.004560161226762484 0.021298182405463537 0.006260789264248046 0.0057680816401802955 0.005502656824454924 0.005525369428426033 0.005322505362650892 0.005984790691062485 0.006487668423451991 0.0017805574055976426 0.005354683976545781 0.0060201162088961615 0.002583335593993893 0.002827547494147816 0.007724637259223008 0.021598235742902226 0.0025647811026804756 0.0008599769660295482 0.0008599769660295482 0.0022085461795003855 0.002221665448502254 0.007239151143489761 0.0060297468100284374 0.0027400703260189486 0.005639310327215921 0.00491536963398214 0.002650513492863887 0.005574723582590554 0.002289360629067821 0.0022089744728741242 0.0055204924706554765 0.004882938111750702 0.005798373249609927 0.006091669236448129 0.005148845487153126 0.008255558467338912 0.0054740100486082195 0.02109967145725448
7.0 0.01658366436832335 0.013000093084819697 0.009800422449012865 0.011198186800268815 0.009101371311816427 0.013417914193959497 0.0 0.009972135574516271 0.009605075095722188 0.012988564266581383 0.017521467421036333 0.008523927317690782 0.017741514099477534 0.009336142793328606 0.009382674464420284 0.01072564362232055 0.024062814258185544 0.009462095619375555 0.008936588303769786 0.024784240191987515 0.00852738430620484 0.01369096039410506 0.010340937161393891 0.009886360326378173 0.009724065961546442 0.012914819905604964 0.009338266199578381 0.009267779535766955 0.013030609915931076 0.009319765055355315 0.009079579131908433 0.024224054539415778 0.010043330282684844 0.010678787961100975 0.009519134198857615 0.009646742854537097 0.013555188515539449 0.010014275186010934 0.013214888756599517 0.012353643588565985 0.012975571498575842 0.010159520039959586 0.009686264129253446 0.013571724727277225 0.01326574011514203 0.008508432198340547 0.01334504577977762 0.013642386644793898 0.009330881601520236 0.02607384748331587 0.013537044398868452 0.009759099983814048 0.013434827773067181 0.02563135338015983 0.012312922501311526 0.008882714836935979 0.00936108363375406 0.009464408948541517 0.009055764002072378 0.013260430558998823 0.024952557679053147 0.00986540879739179 0.010091711620891205 0.010235869088932367 0.011922410227842056 0.014120720740581797 0.024306553092276306 0.008982653985036407 0.014579778942192888 0.009613071857007223 0.009983636676849116 0.009643651739685177 0.014294328320883575 0.008890875665990495 0.013198363500931752 0.009300228891024822 0.008652693905716631 0.013263199067906475 0.013443114473564735 0.011323770261401214 0.024631040405466535 0.013359745726448439 0.013313175676481291 0.013313175676481291 0.012945937813851352 0.01313277069847221 0.011777339707160276 0.00848384247095124 0.012982319488405563 0.010058684400282323 0.01226602048864783 0.013357530155026456 0.012367788834734083 0.012925550013272426 0.01313954537716518 0.010228452813292944 0.012396374754756488 0.010023604955809983 0.008251266284050162 0.012253359651344387 0.011838596475693323 0.009887751485573514 0.02409759123793769
8.0 0.009375366091009783 0.004845705448677061 0.0025561861524807834 0.0025967303812874723 0.0022837510187091493 0.005170025755224796 0.009972135574516271 0.0 0.0023971198605872573 0.0048269460656091764 0.00898488438689024 0.002453582741748851 0.010541787590523263 0.0026313665736169833 0.001733579243092278 0.0017915177528093525 0.018296157965057125 0.0023444057335425643 0.0021621351034523846 0.019040727338521697 0.002469717231946127 0.005558223994641846 0.001825103954532387 0.002750329572677247 0.0015417306179349183 0.004787035006951528 0.0023946452837732123 0.0019623478487657796 0.004888345681205351 0.001885630902269824 0.0018644930776130532 0.01845127069674373 0.001666696774988579 0.0034105616044561686 0.001783193650755228 0.0015757694838750454 0.005096715129713729 0.0017402781999875418 0.005021936297088223 0.003655791726850686 0.004770236630963771 0.0017757457304739717 0.0014721869569075206 0.004902762339912065 0.005051757685865958 0.002425474454447239 0.004598763578588922 0.005510925759928176 0.0018004590861514826 0.02034405147203426 0.005587339943271227 0.0018627603678740869 0.005158585467449047 0.01984532908960558 0.0035946522618847104 0.0022695144164031344 0.0017662864169134453 0.0022416853229787724 0.0024096986462932533 0.005047818001080048 0.019212355483504653 0.0018204490590418756 0.0018955349563887242 0.0018944537658047086 0.0030125433408240906 0.005650533809936294 0.01853331738188361 0.0028148715333366353 0.006032081406908984 0.0017586479901682203 0.0015744863783227377 0.0014628684866314495 0.005689260377630175 0.003026980858171373 0.00499510729108758 0.0020068272589180754 0.002570829619551568 0.005118668352826806 0.005307978976111877 0.0041545204027287 0.018851223274164677 0.00506884565570629 0.005059451576679114 0.005059451576679114 0.0047761866033942425 0.004964744403406293 0.0033044524861474966 0.0025760367321967497 0.004879469552828865 0.0017285923417614084 0.0035568017761609116 0.005212494576340491 0.003595559982749569 0.00477930002861757 0.0049060456902487205 0.00140132972312885 0.0037078342769160735 0.0027730116895186094 0.0026401417786656584 0.0035161475188100373 0.004692784885783638 0.0015481532851591966 0.01832463834862447
9.0 0.008910570301116336 0.005551695754913372 0.002458027533927966 0.003609505281810966 0.0020083235099981993 0.005957729818301068 0.009605075095722188 0.0023971198605872573 0.0 0.00553936664846065 0.009934888692081575 0.002074247848457769 0.01010092480803941 0.002333546998406315 0.0017751767541398338 0.0031523932121123276 0.018059737608896453 0.002170612695695979 0.001873636946580222 0.01880249010248613 0.002090539161136865 0.006252072897832663 0.002749504365568303 0.0021865207054865762 0.0021363023932736373 0.005469851233499124 0.00215386612170153 0.0018400140433990284 0.005586380792557789 0.0018674548645122094 0.0015536507573245123 0.018216246732037263 0.0024559965451187923 0.003333232934980907 0.0018598240972941878 0.00208776882110958 0.006062351906681812 0.0024095281079657607 0.005762736850353101 0.004824111148248315 0.005520722346520301 0.002569771188011844 0.002091862978218338 0.006046407462922062 0.00581045300654752 0.002046360228733028 0.005807882701105171 0.006202146229291893 0.0018294367409046539 0.020104821961527797 0.0061071292030338824 0.0021212798553323364 0.005970250199277364 0.01961584491646816 0.004780259720843514 0.001859958137584966 0.0017976070599064076 0.00212413142788645 0.002101879898597215 0.005805343050034217 0.0189738892924083 0.002245562083400654 0.00249135874473534 0.0026350928496345315 0.004358434922845548 0.006626120444925075 0.018298370487839867 0.0024658383646130808 0.007073221663962747 0.001972928823339104 0.0024075430245248663 0.0020505461605887683 0.0067789195909996325 0.0026490408335807167 0.00574462987022124 0.0019153686270638338 0.0022175233309585703 0.005819329314220838 0.006001498601126861 0.003639676364160239 0.018619375135586883 0.0058923015749686725 0.005852069750254103 0.005852069750254103 0.005495837750050893 0.005684637127974899 0.0041833624669698095 0.002213837653865498 0.005538681931710402 0.002457412010012719 0.004734716384312585 0.005914652920786918 0.004826639581230674 0.00547934898431016 0.005680613132632271 0.0026562228963211854 0.004868267891707658 0.0026805623314961075 0.002275719710039467 0.004717832527792173 0.004148280964352241 0.0022991988337015875 0.018087952337160696
10.0 0.012542362104859824 0.0008877982504517205 0.005142290738028563 0.0062248994949753965 0.00527283451065047 0.0023243345708237866 0.012988564266581383 0.0048269460656091764 0.00553936664846065 0.0 0.012492670058080812 0.0054895024017326145 0.013712042225352508 0.005630340043684373 0.0049813379928427305 0.005377026490432514 0.02061525350814694 0.0052319827683420285 0.005161310740736454 0.021369432660528674 0.0055054075872286706 0.0021520876322156674 0.0054443557212381175 0.005890941573708768 0.005015032887492022 0.0013144229030060996 0.0053603925976436016 0.005001149888602341 0.0014128737643388563 0.004928318654422538 0.004970715999435195 0.020762449411277237 0.005233939626841749 0.005839824773690466 0.00508607325425142 0.00496678174687409 0.004104632167141914 0.005254621457769721 0.001725827586238798 0.0048037974991487105 0.001412197572179235 0.005345961067437073 0.0049642186651356526 0.00580881734417122 0.001913834433450768 0.0054614532857496356 0.006194618615109622 0.0021132902743517742 0.004931846911736551 0.02267797420984454 0.003425668374851089 0.005227915195371198 0.002556019001464056 0.022123996981273458 0.0049273870622038255 0.00532703722782734 0.004970715181041743 0.0049772867571509435 0.005415304593470206 0.0018987944197667722 0.02154226126837109 0.005243740666936069 0.00538089685140195 0.0054325772587881516 0.006148057784058643 0.004766800241814955 0.020844075730594443 0.005830702619778107 0.005839726290315286 0.005106396324943859 0.00515040085635203 0.00493874715637849 0.006018614932646327 0.006059208795999596 0.00177001327189546 0.004909636112707403 0.005590300515142111 0.0016609521787473297 0.0018869361492579173 0.007307781157055062 0.021143748737274898 0.002543104303688159 0.0022625120611273215 0.0022625120611273215 0.0008814461672066246 0.0015396905694793593 0.006875947086060607 0.005600413892325287 0.001569269681128263 0.0052660547678634075 0.004809994595492924 0.0017779861333869912 0.00542451766896525 0.0012294807754116045 0.0018340803799174014 0.005167097318566802 0.004769560212906542 0.005315650000520712 0.00566236277084543 0.005017461887320218 0.007837739907117653 0.005097770746725147 0.020645882623561377
11.0 0.016844648363435338 0.012510789971292308 0.010131314570037398 0.009723978371778599 0.009842296383738406 0.01284241192675779 0.017521467421036333 0.00898488438689024 0.009934888692081575 0.012492670058080812 0.0 0.010002375566349078 0.017958312250548933 0.010188016919289725 0.009279926542367319 0.009455048176529677 0.02585853779997274 0.009911866910347438 0.009719580807410862 0.026602910736505204 0.010018475924014019 0.01322158057931919 0.00916573859028664 0.01027123447518436 0.009138997602303882 0.012449393296879243 0.009956134187360804 0.009532050926311614 0.012552210100061242 0.009467496851202843 0.009416854114949847 0.026013791978658697 0.009271695785056752 0.010988008111240337 0.009267820405682177 0.009243220431332407 0.012785920596670325 0.008843804741667157 0.012689994636327289 0.011379035179610277 0.01243941530992403 0.009336136168156137 0.009017791298267413 0.012602317089117757 0.012721491191440708 0.009974349274475042 0.012311040133152935 0.01317400285328068 0.009383961223330406 0.027906117126895946 0.013231510577862695 0.009288496657877812 0.012833130928776722 0.0274084016051242 0.011319004520710019 0.00981801339970257 0.009334798305969524 0.009814643025477167 0.009965480997886904 0.012717442927333976 0.02677451126481331 0.00919160881440673 0.009374893573131404 0.008778501753458089 0.010663199247214542 0.01333991801619636 0.02609584730325836 0.010366742470647724 0.013730723465039594 0.009212874956989924 0.009306157750635764 0.009026965726506173 0.013387523049348888 0.010573187446260523 0.012663990189175457 0.009581901619048266 0.010122229205271843 0.012782778666973197 0.012971318348012517 0.011648072104613993 0.026414053455152797 0.012745074981474584 0.012732287469843992 0.012732287469843992 0.012442493749325888 0.012630785762960629 0.009293393103217786 0.010126428745366583 0.012539309073669467 0.008834547854358988 0.011277904179128183 0.012876731488510571 0.011310517542757382 0.01244344515454807 0.012577563348137508 0.009373005238147067 0.011432099961244366 0.01034877708463911 0.010190086105182308 0.01124490411922589 0.012203458551637807 0.009139080683159771 0.025887000593774582
12.0 0.009050765122915869 0.005501059729972618 0.002291863541604657 0.0036787387496705643 0.0016126791923713173 0.0059178919015374885 0.008523927317690782 0.002453582741748851 0.002074247848457769 0.0054895024017326145 0.010002375566349078 0.0 0.010211598641863912 0.0018600909758887622 0.0018610344356425976 0.0032076442208897153 0.017222153052125946 0.0019557497782654535 0.0014500118087678107 0.017961345220434362 0.0005038083174903358 0.00619542709375066 0.002821204515639889 0.0023505690139492223 0.002204009244515954 0.005416013692207001 0.0018401295140013062 0.0017524870608683404 0.0055329105033162206 0.0018042858134491597 0.001556653448363204 0.01738027146195962 0.002523533436692463 0.0031704871586417625 0.001996035762309896 0.002127647877669626 0.0060498730296524705 0.002493732042649943 0.005715969354440718 0.004842439173205419 0.005475960360139868 0.002639647918202764 0.00216600761053588 0.006061232394581308 0.0057663698760438975 0.0005522691716668207 0.0058326419547080795 0.006146004044962419 0.0018131365924726073 0.01926167415028216 0.006035562908683357 0.002236899524477665 0.005934097012559274 0.018784113805437833 0.0048012224610868 0.0013206054711124276 0.0018408445163412175 0.001955481241858516 0.0015873863416072751 0.005761087409651772 0.018132274629780787 0.0023440235103116235 0.002571220195563195 0.0027155755331410066 0.004405761940556759 0.006615143048758997 0.017462525599058372 0.0016450132713696514 0.007072264842777804 0.002090752598898113 0.0024642965073403272 0.002123398276940594 0.0067854229079887945 0.0014920440005840082 0.005699200293252691 0.0017883162418912153 0.0013514076227124309 0.005765803356802199 0.005946275531536885 0.0037895626748891678 0.017785660220178134 0.005858331176595295 0.005812998351026659 0.005812998351026659 0.005446840701668527 0.0056345288040547375 0.004257540532693879 0.001237924196087663 0.005482925750290477 0.0025383482557975578 0.004754540290337776 0.005860674166131698 0.004854746953153093 0.005427115952505352 0.005639371989754335 0.002709798128777051 0.004885390089626605 0.0025151752604208426 0.0012513530813803662 0.004741201247079319 0.004303359252594129 0.002367864766223346 0.017251368880667448
13.0 0.010911313309422806 0.013724691401828526 0.01067071451027201 0.011720612998494504 0.010205071356320535 0.014126744054939796 0.017741514099477534 0.010541787590523263 0.01010092480803941 0.013712042225352508 0.017958312250548933 0.010211598641863912 0.0 0.010523055667674204 0.009994834212491192 0.01128974112965888 0.02619815367674235 0.01038252938335538 0.010067740283023097 0.02694068202862817 0.010227352822014769 0.014425128514516362 0.010864796263807432 0.008955930851115615 0.010300229749306446 0.013643970361322495 0.010358110825887416 0.010065379786882912 0.013759555787946322 0.010085676433724981 0.009819102409562037 0.026354639293858256 0.010604591359064323 0.011544937826695821 0.010047748344273808 0.010271485684066491 0.014223198468099814 0.010480830196775986 0.0139339498699639 0.012975927571457251 0.013691557534567342 0.010712483756279034 0.010245000812209701 0.014198933109607632 0.01398083232491219 0.010184713987589003 0.01395750428669168 0.014375445046594295 0.010048892862200665 0.028242759058707226 0.014289856768835209 0.010265561111557697 0.0141381618997078 0.027753849270251173 0.012931257434086936 0.010013359711919499 0.010021197220211163 0.010337819025187982 0.010287687687052571 0.013975777280658162 0.02711201638419653 0.010369950340197706 0.010634626232072961 0.010700008559101984 0.012499922745948008 0.014786490252176682 0.02643677577712724 0.010626277120505841 0.015230639712561923 0.0101364725779419 0.010568601509373016 0.010209537638464099 0.014934004068708578 0.010753482014233415 0.013915440408417534 0.010132001955290517 0.01037453169005458 0.013992325715449172 0.014174757949085997 0.007744660061409759 0.026757445821891802 0.014059734138412348 0.014020859482665526 0.014020859482665526 0.013668151460852176 0.013856799308425016 0.012267652359970727 0.010362858562584487 0.013714097837391455 0.010542002180553896 0.01288601942762543 0.014087493301721266 0.01297525112628437 0.013652541637369214 0.013850320567687133 0.010809262757942079 0.013020492810742825 0.010892960749576833 0.010419638777067457 0.01286813842088379 0.009943921856205311 0.010448859773999805 0.026226585117621045
14.0 0.009350393884535603 0.005641513984895614 0.0023566236166347593 0.0038613615157565492 0.0013249477363375811 0.006063244829102959 0.009336142793328606 0.0026313665736169833 0.002333546998406315 0.005630340043684373 0.010188016919289725 0.0018600909758887622 0.010523055667674204 0.0 0.0020496583371652326 0.0033851945352461887 0.017739992689879948 0.0019807036810873657 0.0012257352662547044 0.01848363870062232 0.0018754812617928617 0.0063359734849819625 0.003004520033944082 0.002651922358665194 0.0023853166740432762 0.005554962846612752 0.001742477837983111 0.0018797675286013858 0.005673079725525238 0.0019342168147758257 0.0017558648883242017 0.01789661575496196 0.0027049502329602355 0.00323753159284439 0.002198061674794872 0.0022992002133406485 0.006204415708211624 0.0026818082985998453 0.005858645233770301 0.00500740734272043 0.00561899175919171 0.002821924335812114 0.0023495528066689985 0.006225064791862179 0.005910060275634146 0.0018313852263157123 0.005999816599493713 0.006285830846425727 0.001965613901347276 0.019786518585001363 0.006162543727006841 0.002433509225160845 0.00608069771259097 0.019298787575779415 0.004967090094443913 0.0018036486251159604 0.002016653634921166 0.0020188424471434263 0.001145106780670209 0.00590471059729503 0.01865517067321005 0.0025356977458708962 0.0027567477465409874 0.002902638824845115 0.004580615017842789 0.00677022606098528 0.017978690566930654 0.0020727779597326315 0.0072307110051576876 0.002287750598817251 0.0026419132472186406 0.002306459508527113 0.006946436933969371 0.002431195582244996 0.005842360234431639 0.0018813423359942145 0.0018521356654410664 0.005906245501133146 0.006086241622409158 0.0040910989187290915 0.018301387912680774 0.006005335115677888 0.00595860108636273 0.00595860108636273 0.005588108211628858 0.005776050664844433 0.004442405056824295 0.0019061507306996472 0.005620331521454932 0.002725169466642155 0.00492002505851007 0.006001443309205497 0.0050230551536144825 0.00556727513775478 0.0057837291550254105 0.002886459959598712 0.005049938946548798 0.002580385192380739 0.001983440675956228 0.0049078840787030766 0.004605798189487245 0.002549642636997288 0.017767051383136088
15.0 0.008815645520495023 0.004994543062687614 0.002044220759516699 0.0029468571777589263 0.0017056501866095086 0.005388982703813661 0.009382674464420284 0.001733579243092278 0.0017751767541398338 0.0049813379928427305 0.009279926542367319 0.0018610344356425976 0.009994834212491192 0.0020496583371652326 0.0 0.0024928836223325635 0.017790352832793205 0.0017920387655794325 0.0015812973452230782 0.018533773942349764 0.0018772162457003205 0.005698202118660203 0.0020847752242273403 0.002148467757804794 0.001448967546098535 0.004916254072430008 0.0018235865408685378 0.0013959240380612102 0.005031118561184707 0.001363520917763348 0.001245243308410051 0.017946407255589193 0.0017802172394951778 0.002915380586582788 0.0012681176008808807 0.0014221350255754252 0.005467092714119102 0.0017517558291172113 0.005200935360611388 0.004198852488449176 0.004957296608365944 0.0018954692501776532 0.0014095409580479456 0.0054246139201083905 0.005245986196522251 0.0018329181912559497 0.0051764353790697375 0.005648537126003689 0.0012674533371973828 0.019836477444529946 0.005577923983239882 0.001493102678625487 0.005397929177705299 0.01934434175487612 0.004152445503904806 0.0016717730487519657 0.0011009167743974441 0.0017137924465646381 0.0018262544127872482 0.005241049502089003 0.01870525942957417 0.001589765236430972 0.0018144137863651249 0.001976610489318395 0.00370550993691161 0.006029381189414103 0.018028502063762115 0.002226659273419338 0.006466754811348216 0.0013400972899485879 0.0017348326699536398 0.001363982357997933 0.0061651943844865005 0.0024354771254430745 0.00518151977136562 0.0014738698227927342 0.0019819113049990237 0.005263805471340189 0.005447332178490874 0.0035732061449389304 0.018348595937781445 0.005318127341132781 0.0052825868611088185 0.0052825868611088185 0.004936832179389498 0.0051260268241768905 0.0035230350802751 0.0019859499337542223 0.004988044031812121 0.0017972592661817562 0.004108017402697419 0.005359091566027693 0.004191942848019324 0.004923439210201823 0.005113653448606585 0.0019917264390035324 0.00424417440376882 0.0022657040581745853 0.002050179014227993 0.004087672388814197 0.004098748276618051 0.0016220261474130509 0.017818577788914384
16.0 0.010125489450232523 0.0053976534796835954 0.003299280548043723 0.0031742543286594135 0.0030375287531412276 0.005697605055305043 0.01072564362232055 0.0017915177528093525 0.0031523932121123276 0.005377026490432514 0.009455048176529677 0.0032076442208897153 0.01128974112965888 0.0033851945352461887 0.0024928836223325635 0.0 0.01902705049544104 0.0030962126462719362 0.0029160817307751184 0.01977192955716129 0.0032237706107442424 0.006111924590507158 0.0025157509740554185 0.003504154381519551 0.002314230114308891 0.005344690301847137 0.003148096462782647 0.00271940905313843 0.005441421730389414 0.002644863461068011 0.0026208726450406214 0.019181905792685243 0.0024364130310522633 0.00414885895534366 0.0025338724550464185 0.0023613393019345993 0.005573094213354253 0.0024429078374319287 0.005563084791224308 0.004086330671014507 0.005308945714659202 0.00253297058934312 0.0022331778570342155 0.005322014010477116 0.005587764275201461 0.003179543226937016 0.005001775926187356 0.006065371698499838 0.0025627999819643407 0.02107542087329657 0.006186420112955579 0.0026058612936526344 0.005679195020376558 0.020574894905093483 0.004018252094028988 0.003024064578708595 0.002528232750665457 0.002989363931563939 0.00316362485643136 0.005584162597253067 0.019943596103037198 0.0025561674453647883 0.0026447193862670516 0.002577505257186044 0.0032597206088385046 0.00612343183988855 0.019263939644908183 0.0035686200939855743 0.006488527041929124 0.0025055781409055074 0.0023799259061743905 0.0022282184763306387 0.0061275503027949756 0.0037808147759016246 0.005533764335250303 0.0027603582648515843 0.0033246482688148084 0.005670920186422561 0.0058619554748394476 0.004906473603269723 0.01958124042613034 0.005586610959460836 0.005585609075887638 0.005585609075887638 0.005323967379724848 0.005511780240876606 0.003909568677146102 0.0033299076722394082 0.0054437183257102315 0.002426242975635387 0.0039806077938464544 0.005764199690617422 0.003991270652871351 0.005332136561094908 0.005437844832203807 0.0022592051054600108 0.004143353940114749 0.0035147671243111345 0.003393900100049998 0.003936527322296119 0.005445908869479661 0.0023157096792095037 0.01905560536546114
17.0 0.025042677727856316 0.020627090616633217 0.018154355968197283 0.019541720659767316 0.017522795960395146 0.02106904224150763 0.024062814258185544 0.018296157965057125 0.018059737608896453 0.02061525350814694 0.02585853779997274 0.017222153052125946 0.02619815367674235 0.017739992689879948 0.017790352832793205 0.01902705049544104 0.0 0.017866147662941086 0.01736896493956495 0.0019975347495871307 0.017230789708493788 0.021163172108161484 0.018693067170683073 0.018353725461681868 0.018096750986239314 0.020537972606502464 0.017758165882011692 0.017681794108049185 0.020599966791107958 0.01772023529863264 0.017520999519576662 0.001175102391443257 0.01840492160526994 0.01901199760553922 0.01792513121343816 0.018021387908610655 0.021398986053463333 0.018382087237926878 0.020828201006380016 0.020410956658712516 0.02061745450146329 0.018520750737652077 0.018057790291497074 0.021602809375474753 0.02089483120607806 0.017200725402247395 0.02144556244904298 0.02115453055118917 0.01773377631217669 0.0035670212305044663 0.02132718959915572 0.01815346652443764 0.021111716680516215 0.0028825295155607555 0.020388125374507737 0.01742625183310855 0.017768202773918877 0.017841209147875278 0.017476441912052255 0.02088859710737926 0.002232019483015324 0.01824907091396831 0.018464724440097655 0.018598688505405376 0.020176255258211193 0.021973769724676132 0.001272297418355571 0.017279847313112454 0.022503257219468557 0.018010219494657302 0.01834213478968502 0.018017016403121935 0.02226790425573338 0.01764337289763742 0.020820444187178183 0.01769490223998045 0.01711292100984072 0.020818128145519605 0.020975092691042994 0.019787051171535397 0.0017547895276466968 0.021064257354712464 0.020970021238738805 0.020970021238738805 0.020572441195732902 0.02072087068180526 0.02012901512894205 0.017153021298663876 0.020637680610929576 0.01842270554293237 0.02033323327910178 0.020887604375067252 0.020491421199491253 0.020527386894940425 0.020800626403434195 0.01856164882475978 0.020445828644427896 0.018369630766550536 0.0170643367964255 0.020345163061442125 0.020304720396465047 0.018251535735999698 0.0012097326212105776
18.0 0.009206515215191457 0.005241989300458603 0.0016752268268110312 0.0035833407538315154 0.0015705682407216003 0.005677992065590836 0.009462095619375555 0.0023444057335425643 0.002170612695695979 0.0052319827683420285 0.009911866910347438 0.0019557497782654535 0.01038252938335538 0.0019807036810873657 0.0017920387655794325 0.0030962126462719362 0.017866147662941086 0.0 0.0014924735701987261 0.01860967243252299 0.001971716982649181 0.005938670738859269 0.0027283503668470207 0.0025161014523467275 0.00210822857084012 0.005150791789658146 0.0015450555462214344 0.0015349528487265014 0.005273394733011045 0.0015584595023197603 0.0015533623497447115 0.01802232606211706 0.002426862934399778 0.0025670102671658396 0.0019563287063713835 0.002005506570246389 0.005846856949014526 0.002414022036510177 0.005465765726010222 0.004681301645778145 0.005227163716744056 0.0025451559435232148 0.002075896488840349 0.005895450057030228 0.0055200554630021395 0.0019272882305610018 0.005680302924570606 0.00588655628502285 0.0016444072676285414 0.019912453605901978 0.005719602859334387 0.0021820639145063783 0.005699180751088136 0.01942128714873992 0.004643685648410402 0.001814077824142845 0.0017402768554783694 0.0013323941637107782 0.0017819386658295654 0.0055145150173396065 0.01878117769858066 0.002275626622293147 0.0024862888660100637 0.0026327046007542133 0.004284007064286114 0.0064142665420784326 0.018104412032298643 0.0022719755239428464 0.006884917835765 0.0020375128684845187 0.0023572925809830017 0.0020322744857619625 0.006608336181727573 0.0025302147744229765 0.00545085419396369 0.0013785199851320002 0.0020343185980144663 0.005507525314946429 0.005686713664551098 0.00395174734213844 0.01842515494517706 0.005625271994482088 0.005574103491585561 0.005574103491585561 0.005191047303524668 0.005379993462090329 0.0041681825367879295 0.0020537437923684714 0.005211187577884474 0.0024552146612589823 0.004595459609941423 0.005603778795684283 0.004706957098009631 0.005167092134056014 0.005395820140827668 0.0025982986227090447 0.00472258378660079 0.0019024588014156362 0.0021226946681208066 0.004586940050988832 0.0044693077640428295 0.0022723509641017475 0.017894073156430716
